20
1.04     0.41725     0.95041   0.0059613     0.31877     -1.1919     0.79118     0.22056     -0.2501    -0.67645    -0.62064     0.31058    -0.62519    -0.36537      1.1933    -0.38887      0.8439     0.38871     0.70152    -0.30507
1.1104     -1.1203     0.37985    -0.14372     0.72984     0.29661     0.56926   -0.025395     0.46236     -1.8707      1.3391     -1.8599     0.59925     -1.7407     0.35288   -0.059397    -0.38125    -0.57164     0.80159     0.22742
-1.6459    -0.90999      -2.065     0.98844     -1.5162     0.84393    -0.67391     -1.1725    -0.72816     0.14334     0.85551     -1.4726     0.97724     -2.4469      1.0888     0.62713     -1.7859     0.40342    -0.71461     0.21732
-0.57965     0.38095     -1.6079      0.3879    -0.12503      0.5819     0.51375      1.6858     0.96499      -0.459    -0.38253    -0.63686     -1.1135    -0.11722    -0.86648     0.91253      1.8133     -1.4074    -0.81412      0.7396
1.1289    -0.72003     -1.0865     0.80994    0.087512    -0.74578     0.48264     -1.0677   -0.045855     0.85427      1.2361      1.0149     -1.3318     0.92435    -0.60847    -0.12657     0.44288      1.2679    -0.90327   -0.088262
-1.4907     0.76316      1.0583     -1.6466     -1.0528    -0.21239    -0.10472     -1.3438      1.4677    0.055031    -0.45254    -0.24453   -0.061457     0.84847      0.8946    -0.20224      1.1897     0.30024     0.57469    -0.23203
1.4836     0.70307     0.56592     0.72823    -0.48285     -1.2703    -0.12438     0.55663     0.16422       0.281     -0.6827     0.51192    -0.26111    -0.19817    -0.85643    -0.29063      1.0136      1.0601     0.22893     0.50622
0.40733    -0.40332     0.59608      -1.968      0.3346    -0.30157    -0.45669     0.70548    0.093427    -0.23051     0.20726     0.97223    -0.17692      1.7423   -0.080226     -1.1687     0.20755    -0.27041     -2.0038     0.90323
-1.3678      1.3069     -0.1926      1.2923    -0.17389     0.68436      0.2034    -0.57197    -0.89841      -1.793    -0.10952    -0.24375     0.49972    -0.77159    -0.18484      1.2354     0.19446     0.69402    -0.37311     -1.3652
1.2071     -0.3168      1.2055     0.55699      2.0761     0.11501      1.7856      1.5294      1.6997     0.38538     0.76241      1.0226    -0.69872     0.12191      1.0141     -1.5004      0.1449     -0.7697     -1.7898    0.095817
-0.21135    -0.93065    -0.21699    -0.23774      2.4357      3.2412      1.4801      3.1339     -2.2595     -0.1704     0.89986     0.63468     0.25127    -0.52497    -0.54166      1.1599     0.23021     -1.1327     -1.0338       1.017
0.48764     -0.3972      1.0346    -0.47824     0.40498     0.44064     0.97792    -0.16375     0.49175      1.3091    -0.11453     0.90514     0.24336     -1.4036     -1.5426      1.7658     -1.5651      0.7587     0.93054    -0.50318
-0.72978  0.00038813   -0.012819     0.13563    -0.97862    -0.62725    -0.66672     0.81781    -0.12202      1.1772    -0.19733     0.31925      1.1095    -0.25043     0.68685    -0.84716      -1.155    -0.31002     -1.0024    0.055881
1.6242       0.185    -0.48386      2.1415     -1.3846      -1.226    0.072142    0.075999     0.80029    -0.20932     0.59121     -1.3106      1.7683    0.033628       1.228      1.5202      1.4258    -0.70106      1.2911     0.37879
-1.3199    -0.25498    -0.95811       1.148  -0.0084159  -0.0057344     0.84052     -2.2063   -0.072859     0.44819       1.063     0.51315     0.18074     0.71827       -1.58    -0.92753    -0.14968      1.0675     0.76327     0.24142
-1.7308     0.35486      1.5483    -0.23703    -0.35067      3.1989     -1.6904     0.89938    0.014687    -0.86574      1.2468    -0.39359     0.65914      1.3563      1.9718    -0.12379      1.5605     0.90935     0.89094     0.70998
0.022514     0.89191    -0.54995   -0.061416    -0.12677      1.4779     -1.5045    -0.67868   -0.028998     0.20551   -0.038264    -0.62621    -0.80345      1.5756     0.84828      1.5177     0.72034    -0.86785    -0.76634     0.37748
-0.98875     0.28302  -0.0083903    -0.67161    -0.76383      1.3958     0.41516     -2.2184    -0.58101    -0.41333      2.4088     -2.4837    -0.45639     0.92937    -0.94546     0.14562    -0.46738    -0.54136     0.65899      1.1395
-0.8475     -1.3107    0.022272     0.21096     0.37614      0.7731     0.13712    -0.40449    -0.96679     -1.6486      2.1938      2.1131    -0.44072    -0.69693    -0.73041     0.50396      1.2103    -0.21395      1.0967      2.1348
-0.20073     -1.5293      0.7997    0.037583    -0.28609     0.41782     -1.7363    -0.54472    -0.79854     0.83096  -0.0071466    0.046843     -1.3554    -0.62478    -0.37854    -0.76889   -0.029298     0.29823     0.17154     -0.6998
